# Restored from project File Library artifact: АС_GLO 24+6.txt
# Legacy idealized GLONASS MEO constellation source. Not broadcast-almanac authority.
# Columns: sat dd mm yy T_om_s T_ob_s e i_deg L_om_deg Om_deg dt2 nl dT_s
01 01 01 20 3600.00 40544.00 0.0 64.8 180.0 0.0 1.5640259E-4 1 0.0
02 01 01 20 8668.00 40544.00 0.0 64.8 158.83 0.0 -1.1062622E-4 -4 0.0
03 01 01 20 13736.00 40544.00 0.0 64.8 137.65 0.0 -3.0517578E-5 5 0.0
04 01 01 20 18804.00 40544.00 0.0 64.8 116.48 0.0 -1.02996826E-4 6 0.0
05 01 01 20 23872.00 40544.00 0.0 64.8 95.30 0.0 0.0 1 0.0
06 01 01 20 28940.00 40544.00 0.0 64.8 74.13 0.0 -6.1035156E-5 -4 0.0
07 01 01 20 34008.00 40544.00 0.0 64.8 52.95 0.0 1.1062622E-4 5 0.0
08 01 01 20 39076.00 40544.00 0.0 64.8 31.78 0.0 2.670288E-5 6 0.0
09 01 01 20 1910.67 40544.00 0.0 64.8 -52.94 0.0 7.6293945E-6 -2 0.0
10 01 01 20 6978.67 40544.00 0.0 64.8 -74.12 0.0 -3.8146973E-6 -7 0.0
11 01 01 20 12046.67 40544.00 0.0 64.8 -95.29 0.0 3.8146973E-6 0 0.0
12 01 01 20 17114.67 40544.00 0.0 64.8 -116.47 0.0 1.1444092E-5 -1 0.0
13 01 01 20 22182.67 40544.00 0.0 64.8 -137.64 0.0 4.6539307E-4 -2 0.0
14 01 01 20 27250.67 40544.00 0.0 64.8 -158.81 0.0 -1.1444092E-4 -7 0.0
15 01 01 20 32318.67 40544.00 0.0 64.8 -179.99 0.0 -3.4332275E-5 0 0.0
16 01 01 20 37386.67 40544.00 0.0 64.8 158.84 0.0 2.670288E-5 -1 0.0
17 01 01 20 221.33 40544.00 0.0 64.8 74.12 0.0 -1.449585E-4 4 0.0
18 01 01 20 5289.33 40544.00 0.0 64.8 52.94 0.0 -3.0517578E-5 -3 0.0
19 01 01 20 10357.33 40544.00 0.0 64.8 31.77 0.0 1.1444092E-4 3 0.0
20 01 01 20 15425.33 40544.00 0.0 64.8 10.59 0.0 1.487732E-4 2 0.0
21 01 01 20 20493.33 40544.00 0.0 64.8 -10.58 0.0 7.6293945E-6 4 0.0
22 01 01 20 25561.33 40544.00 0.0 64.8 -31.76 0.0 -1.487732E-4 -3 0.0
23 01 01 20 30629.33 40544.00 0.0 64.8 -52.93 0.0 6.980896E-4 3 0.0
24 01 01 20 35697.33 40544.00 0.0 64.8 -74.11 0.0 1.18255615E-4 2 0.0
# additional 25 between 01 and 02
25 01 01 20 6134.00 40544.00 0.0 64.8 169.415 0.0 1.5640259E-4 1 0.0
# additional 26 between 05 and 06
26 01 01 20 26406.00 40544.00 0.0 64.8 84.715 0.0 0.0 1 0.0
# additional 27 between 10 and 11
27 01 01 20 9512.00 40544.00 0.0 64.8 -84.705 0.0 -3.8146973E-6 -7 0.0
# additional 28 between 14 and 15
28 01 01 20 29784.00 40544.00 0.0 64.8 -169.400 0.0 -1.1444092E-4 -7 0.0
# additional 29 between 19 and 20
29 01 01 20 12891.00 40544.00 0.0 64.8 21.08 0.0 1.1444092E-4 3 0.0
# additional 30 between 23 and 24
30 01 01 20 33163.00 40544.00 0.0 64.8 -63.52 0.0 6.980896E-4 3 0.0
